10000000
00010000
10000000
00010000
10000000
00010000
10000000
00010000
00000001
00010000
00000010
00000001
10000000
00010000
10000000
00010000
10000000
00010000
10000000
00010000
10000000
00010000
10000000
00010000
10000000
00010000
10000000
00010000
10000000
00010000
10000000
00010000
10000000
00010000
10000000
00010000
10000000
00010000
10000000
00010000
10000000
00010000
10000000
00010000
10000000
00010000
10000000
00010000
10000000
00010000
10000000
00010000
10000000
00010000
10000000
00010000
10000000
00010000
10000000
00010000
10000000
00010000
10000000
00010000
10000000
00010000
10000000
00010000
10000000
00010000
10000000
00010000
10000000
00010000
10000000
00010000
10000000
00010000
10000000
00010000
10000000
00010000
10000000
00010000
10000000
00010000
10000000
00010000
10000000
00010000
10000000
00010000
10000000
00010000
10000000
00010000
10000000
00010000
10000000
00010000
10000000
00010000
10000000
00010000
10000000
00010000
10000000
00010000
10000000
00010000
10000000
00010000
10000000
00010000
10000000
00010000
10000000
00010000
10000000
00010000
01010010
01011101
11011101
11011101
11011101
11000000
00000000
00000000
00000000
00100100
10000000
00000000
00000000
00000000
00000000
00000000
00000000
00000000
00001001
00100000
00000000
00000000
00000000
00000000
00000000
00000000
00000000
00000010
01001000
00000000
00000000
00000000
00000000
00000000
00000000
00000000
00000000
10010010
00000000
00000000
00000000
00000000
00000000
00000000
00000000
00000000
00100100
10000000
00000000
00000000
00000000
00000000
00000000
00000000
00000000
00001001
00100000
00000000
00000000
00000000
00000000
00000000
00000000
00000000
00000010
01001000
00000000
00000000
00000000
00000000
00000000
00000000
00000000
00000000
10010010
00000000
00000000
00000000
00000000
00000000
00000000
00000000
00000000
00100100
10000000
00000000
00000000
00000000
00000000
00000000
00000000
00000000
00000000
00000010
00001000
00100000
10000010
00001000
00100000
10000010
00001000
00100000
10000010
00001000
00100000
10000010
00001000
00100000
10000010
00000000
00000010
00001000
00100000
10000010
00000000
00000000
00000000
00000000
00000000
00001111
11111000
00100000
10000010
00001000
00100000
10000010
00000000
00000010
00001000
00100000
10000010
00000000
00000000
00000000
00000000
00000010
00000000
00000000
00000000
00000010
00110000
00111011
11110000
00000010
00001000
00001001
00100110
00001000
00001100
10000010
00001000
00100000
10000010
00000000
00000000
00000000
00000000
00000000
00001111
11111111
11110000
